[0001]
NAME=办公室
ACTUALWIDTH=1750
ACTUALHEIGHT=1620
Path=c15c4fea195ba7fb.dxf
REALSCALE=0.35
BASESTATIONID_0=A10E
GROUPID_0=0001
BASESTATIONX_0=331
BASESTATIONY_0=133
BASESTATIONZ_0=190
BASESTATIONID_1=A10A
GROUPID_1=0001
BASESTATIONX_1=334.540771484375
BASESTATIONY_1=224.690994262695
BASESTATIONZ_1=190
BASESTATIONID_2=A107
GROUPID_2=0001
BASESTATIONX_2=340.218872070313
BASESTATIONY_2=372.321899414063
BASESTATIONZ_2=190
BASESTATIONID_3=A105
GROUPID_3=0001
BASESTATIONX_3=322.373382568359
BASESTATIONY_3=529.686706542969
BASESTATIONZ_3=190
BASESTATIONID_4=A10D
GROUPID_4=0001
BASESTATIONX_4=442.424896240234
BASESTATIONY_4=217.390563964844
BASESTATIONZ_4=190
BASESTATIONID_5=A104
GROUPID_5=0001
BASESTATIONX_5=422.145935058594
BASESTATIONY_5=532.931335449219
BASESTATIONZ_5=190
BASESTATIONID_6=A10C
GROUPID_6=0001
BASESTATIONX_6=517.051513671875
BASESTATIONY_6=159.798278808594
BASESTATIONZ_6=190
BASESTATIONID_7=A109
GROUPID_7=0001
BASESTATIONX_7=510.562225341797
BASESTATIONY_7=218.201721191406
BASESTATIONZ_7=190
BASESTATIONID_8=A10B
GROUPID_8=0001
BASESTATIONX_8=696.317626953125
BASESTATIONY_8=169.937774658203
BASESTATIONZ_8=190
BASESTATIONID_9=A10F
GROUPID_9=0001
BASESTATIONX_9=697.128784179688
BASESTATIONY_9=46.6416320800781
BASESTATIONZ_9=190
BASESTATIONID_10=A108
GROUPID_10=0001
BASESTATIONX_10=667.115905761719
BASESTATIONY_10=219.824035644531
BASESTATIONZ_10=190
BASESTATIONID_11=A102
GROUPID_11=0001
BASESTATIONX_11=707.673828125
BASESTATIONY_11=534.553649902344
BASESTATIONZ_11=190
BASESTATIONID_12=A103
GROUPID_12=0001
BASESTATIONX_12=576
BASESTATIONY_12=533
BASESTATIONZ_12=190
BASESTATIONID_13=A101
GROUPID_13=0001
BASESTATIONX_13=889.373413085938
BASESTATIONY_13=474.527893066406
BASESTATIONZ_13=190
BASESTATIONID_14=A106
GROUPID_14=0001
BASESTATIONX_14=887.751098632813
BASESTATIONY_14=357.721038818359
BASESTATIONZ_14=190
