[0003]
NAME=测试地图
ACTUALWIDTH=1750
ACTUALHEIGHT=1620
Path=c15c4fea195ba7fb.dxf
REALSCALE=0.4314815
BASESTATIONID_0=AB05
GROUPID_0=0003
BASESTATIONX_0=351.575107296137
BASESTATIONY_0=128.974248927039
BASESTATIONZ_0=290
BASESTATIONID_1=AB07
GROUPID_1=0003
BASESTATIONX_1=310.206008583691
BASESTATIONY_1=469.660944206009
BASESTATIONZ_1=290
BASESTATIONID_2=AB06
GROUPID_2=0003
BASESTATIONX_2=502.450643776824
BASESTATIONY_2=50.2918454935623
BASESTATIONZ_2=290
BASESTATIONID_3=AB08
GROUPID_3=0003
BASESTATIONX_3=483.793991416309
BASESTATIONY_3=339.064377682403
BASESTATIONZ_3=290
BASESTATIONID_4=AB01
GROUPID_4=0003
BASESTATIONX_4=654.137339055794
BASESTATIONY_4=208.467811158798
BASESTATIONZ_4=290
BASESTATIONID_5=AB04
GROUPID_5=0003
BASESTATIONX_5=642.781115879828
BASESTATIONY_5=474.527896995708
BASESTATIONZ_5=290
BASESTATIONID_6=AB03
GROUPID_6=0003
BASESTATIONX_6=813.124463519313
BASESTATIONY_6=343.12017167382
BASESTATIONZ_6=290
BASESTATIONID_7=AB02
GROUPID_7=0003
BASESTATIONX_7=843.948497854077
BASESTATIONY_7=485.884120171674
BASESTATIONZ_7=290
[0004]
NAME=区域地图
ACTUALWIDTH=1750
ACTUALHEIGHT=1620
Path=c15c4fea195ba7fb.dxf
REALSCALE=0.4314815
